  94    50
  80    84
  54   128
 147   151
 146    75
 108    45
  38   107
 150    66
 131    83
  14   117
 148    40
 121   124
 134    86
   4   137
  29   129
 198   162
  58    78
 169    71
 139     7
 188   181
  76   140
  33     1
  24     9
 119   178
  35   104
 182    48
 142    64
  42   122
   3   110
 142   151
  53    89
 164    87
 199   116
 133    23
  79    34
 173   181
  41   154
 183   171
   7   165
  12     6
 167   170
   3    47
  12   123
 119   188
 102    77
 127    69
   6   131
  22    84
  98    15
  23    65
 101   118
 136    21
 164   126
  95   149
 153    14
   9   172
 153   132
 192     8
 169    48
  97   184
 181   157
  62    86
  54   190
 193    49
 125   113
 159   199
 105   164
  90    68
 163    45
  52   135
 104    96
  72    51
 145    84
 122    50
 158   137
   1    42
 152    31
  20   182
  51   165
 107    63
  37    91
  36   125
 191    90
  30    56
  28   129
 149   124
 194    86
  25     2
 154   169
  26    56
  73   138
  88   136
 199    54
  32    89
 193   195
 168    84
 143   137
  10   104
 102    56
  82   192
  70     7
 186   180
 118   200
  60    12
  85     1
  65   120
 180    78
 148    13
 179    91
  21   150
  23   177
  20   103
   3     5
  42    12
  48   189
 100   120
  31    29
  98   135
 120   191
 146   109
 106     2
  36   167
 187    36
  69    27
   3    31
  39   196
 136    13
 189    61
  39   158
 176    43
  11    32
 155   179
  57   132
  99   187
  53    24
 136   128
  73   176
  51    74
 104   175
  52   112
  18     3
 145    27
 178   130
 157    59
 140   194
 166    39
   4    81
 162   187
 141   144
   5   104
  74   107
  11   197
 196    46
 173   194
 108   193
  95   102
  89    33
 101    75
   6    97
 165   185
  65   183
 160     1
 179    61
  58    45
   8   143
 137    93
  44   131
 164    17
  18    31
  92   124
  47   117
 174    34
 172     8
  53    82
  17   125
 127   170
 144    85
 144    59
  27   106
 118   128
  13   159
 156   169
 149    48
 183   154
 125    48
  63    92
  10   143
 101    15
 114    70
 150    10
  77    49
  68    60
  91   140
 177   110
  34    14
 158   138
 141   176
 141    99
  46    12
 135    61
 123   189
 123    32
  83   119
 165   181
 105   148
  98   200
  19    41
   4   120
  82   161
  56    98
  49   183
  40    50
 158   133
  58    38
 110   111
  83    25
  53   198
 153    52
  24   186
 168   141
  86    46
  85   114
 163    63
  72    75
   3   143
 188    72
   7   174
  13     2
  76   163
  84   109
 129   117
 162   144
  23   172
 123    43
  18    60
  70   194
 169   196
  47    56
 119   182
 187   151
  74   177
  73   162
   2    95
 132    81
  95    33
  59   106
  44    15
  30    44
 129    55
 174   105
 105     5
 190    38
  91   194
  46    28
 186    55
 197    80
  34   200
  94    61
  94    25
   2   148
 117   106
   2    71
 162    66
  45   152
  42    60
 180   193
  84    55
 182    40
 148    33
  13   177
  26    32
 107   174
  62   103
  95   175
 195   115
  73    67
 129    62
  99   132
  46   102
  86   141
 102   103
  40   132
 134    60
  45   184
  70    66
 155   133
 180   107
 186   108
 123    60
 176    33
 147    56
  66    16
   9   144
  71    65
 123   190
  34   103
 144   175
 127    39
  60   152
 164   132
