 853   159
 808   249
 962   510
 165   252
 665   256
 853   660
 325   955
 772   813
 985   992
 653   771
 864   613
 657   300
 424   629
 246   890
 756   430
 470    74
 868   681
 329   672
  33   381
 383   347
 278   879
 209   711
 496   577
 109   112
 575   161
 298   453
 417    54
 974   191
 990   121
  45   847
 678    51
  65   937
 404   332
 661   676
 478   623
 448   302
 628   411
 188   839
 617   292
 722   780
 218   762
 291   787
 689   106
 593   313
 513   194
 348    23
 249   304
 214   768
 596   978
 347     3
 172   851
 321    75
 141   699
 912    88
 986   709
 519   940
 444   401
 775   642
 180   732
 841   716
 473   372
 758   998
 186   389
 515   743
 247   538
 703   440
 324   313
 469   449
 261   263
 504   291
 863   304
  38   423
 372   367
 813   233
 753   191
 130   445
 518   374
 246   883
 302   934
 549   513
 327   755
 653   899
 304   312
  48    56
 439   813
 727   573
 938   667
 724    73
 349   542
 133   212
 253   532
 653   354
 379   239
  80   155
 718   125
 565   410
 455   192
  88   691
 953   745
 814   756
 263   832
 442   452
 648    40
 106   267
 928   741
 639   305
 475    82
 280   593
 482    60
 361   902
 884   342
 233   340
 913   691
 209   198
 720   199
 494   895
  88   740
 917   841
 439    16
 177    68
 128   612
 338   392
 264   656
 894    86
  92   838
 559   242
 791   515
 892   316
 247   874
 563   625
1000   371
 434   238
 789    11
 614   970
 260   672
 667    72
 226   552
 622   879
 464   649
 567   247
 343   258
 214     9
 769   588
 831   848
  57   652
 526   648
 929   215
 456   776
 103   423
 745   329
 822   939
 429   241
 616   766
 872   304
 298   458
 124   369
 879   840
  66    28
 993   294
 101   183
 896    68
 139   916
 951   621
 690   779
 696   751
  45   443
 933   105
 679   491
 889   497
 891   679
 432   545
 595   290
 557    38
 981   626
 597   346
 565   793
 448   599
 372   990
 311   640
 103   651
 951   292
 374   834
 796   348
 744   475
 215   845
 544   474
 611   687
  75    60
   6   184
 446   822
 531   929
 304   359
 368   122
 818   745
 750   448
 155    82
 617   834
 108   383
 416     2
 169   538
 979   732
   5   297
 799   148
 300   408
 398   788
 367   386
 315   951
 817    10
  76   556
  17   750
 250   494
 488   524
 235   448
 324   109
 671   247
 502   403
 800   287
 279   667
 297   524
 998   679
 203   608
 559   306
 717   893
 967   323
 204   386
 522    85
 875   765
  35   215
 921   759
 698   709
 640   261
 475   894
 453   151
 596   562
 609    81
 578   484
 480   370
 680   154
  90   586
 427   131
 501   267
 351   881
 407   662
 802    15
 781   132
 206   238
  65   480
 270   637
  24    32
 337   133
 557   544
 103   150
 891   512
 343   430
 951   701
 710   408
 163   313
 797   635
 664   229
 869   738
 681   665
  21   499
 912   206
 582   613
 667   835
 851   159
 933   845
  15   579
 186   999
 329   913
 453   778
 203   670
 309   603
 749   457
  54   786
 292   749
 475    68
 568   865
 599   565
 142   393
  43   163
 789   640
 523   989
  90   196
 463   394
 112    56
 254   131
 214   559
 868   583
 692   897
  43   442
  80   340
 144   435
 336   739
 868   934
 435   698
 321    50
 680   233
 258    49
 521   898
 175   666
 309   219
 423   697
 205   310
 480   307
 961   265
 884   468
 661   665
 757   335
 498   143
 915   822
 656   465
 219   164
 322   448
  58   332
   5    29
 101   526
 874   533
 121   116
 462    39
 233   811
   7   181
 500   805
 778   449
 988   798
 806    29
 172   358
  61   272
 972   416
 727   159
 228   777
 357   205
 723   387
 799   225
 961   280
 693   304
 614   442
 943    39
 432   447
 126   816
 700   108
 600   843
  58    34
 130   348
 356   344
 603   260
 928   256
 603   624
 493    21
 263   534
 513    77
 579   442
 545   492
  88   572
 333   729
 280   808
 629   955
 151   126
 575   551
 616   729
 376    59
 192   216
 335   259
 317   601
 619   863
 507   985
 579   221
 595   525
 953   826
 785   470
  77   109
 386    48
 814    53
  26   659
 136    88
  70   291
 598   394
  26   432
 807   145
  28   542
 893   744
 554   427
 283    29
 704   340
  79   942
  23    59
 505   239
 699   101
 194   399
 427   553
 117   795
 813   559
 942   324
 336   437
 656   198
 339   616
 540   641
 742   402
  20   582
 177   957
 475    80
 170   637
 988   687
 480   144
 256   915
 140    90
 320   404
 882   868
 930    98
 620   844
 906   963
 834   393
 218   146
   5   114
 734   138
 970   216
 857   243
  85    13
 141   442
 830   520
 257   417
 406   943
 605   609
 960     8
 598   112
 965   305
 900   336
 798   872
 316   219
 424   942
 432   357
 125   405
 456   106
 687   240
 894   784
 634   996
 712   102
 559   940
 109   831
 653   891
 766   591
 259   979
 949   782
 628   660
 362   643
   6   816
 754    79
 707   973
 413   770
 468   163
 150   502
 805   716
 173   524
 645   614
 987   814
 442   750
  45   628
 653   439
 380   160
 617   480
 813   910
 768   619
 967   334
 495   492
 976   606
 936   137
 168   625
 245   377
 399   534
 791   395
 810   594
 236     7
 835   480
 531   346
 121   568
 936    22
 937   558
 836   439
 992   671
 479   177
 165   677
   1   478
  46   870
 234    30
 657   946
 741   881
  38   107
 773   504
 762   427
 726   935
 507    29
 455   247
 178   774
 836   556
 987   811
 437   249
 959   898
 532   433
  59   646
 301    78
 957   410
 408   449
 281   248
 825   387
 749   760
 808   538
 993   864
 275   296
 974   213
 168   905
 807   716
 535   414
 956   717
 130   325
 216   147
  33   794
  42   610
 457   460
 961   737
 681   714
 284   194
 392   136
 878   863
 339   369
 199    58
 992   682
 938   386
  94   257
 381   500
 908    91
 857   935
 968   615
 902   562
 276   738
 693   242
 463   950
 801   981
 998   964
 311   604
 613   371
 258   450
 154   598
 631    10
 735   518
 822   999
 512   747
 984   780
 297   709
 220   430
 913   652
 519   917
 660   661
 453   137
 455   964
 695   879
 286   375
 143   710
 370   678
 774   129
 164   408
 331   905
 367    49
 557   978
 490   795
  79   312
 667   135
 845   393
 947   336
 659   669
   2   538
 132   250
  33    84
 106   598
 946   490
 436   301
 352   918
 756   263
 240   910
 534   486
 986   590
  78   252
 781   945
 330   219
 858   861
 653   608
 591   124
 159   432
 923   961
 662   374
  90   325
 311   584
 529   818
 947   779
 757   288
 689   887
 603   955
 553   985
 883   848
 184   308
 636   602
 292   819
   4   145
 512   702
  10   797
 525   507
 241   616
 937   387
 140   364
 473   367
 113   642
 898   500
 540    42
 335   411
   8   923
 490    77
 614   507
 340   623
 498   761
 126   301
 617    21
 151   134
 235   435
 982   157
 969   709
 113   525
 198   831
 603   488
  52    31
 728   741
 332   223
 887   964
 524   928
 995   469
 908   838
 272   936
 717   493
 255   471
 693   254
 707   398
 690   939
 397     4
 501   192
 837   769
 839   101
 150   366
 892   104
 814    39
 279   467
  66   640
 417   860
 591   343
 394   764
 764   545
 538   120
 182   774
 280   273
 661   326
 128   521
 631   323
 901   394
 986   820
 178   789
 992   716
 306   128
 668   937
 451     7
  78   440
 458   879
 182   971
 243   747
 553   809
 763   578
 473   390
 712   194
 198   626
 457    42
 827   285
 200   539
 668    32
 248   566
 976   798
 176   122
 399   562
 393   423
 593   361
 466   992
  49   590
 211   870
  98   538
 944   332
 433   319
 628   501
 894   549
  21    74
 107   351
  24   743
 357   139
 418   488
 723   966
 783   770
 222    37
 479   925
 888   886
 304    71
 164   700
 781    89
 585    11
 435   426
  41   777
 279   347
  85   375
 473   494
 428   590
 513   491
 679    53
 313   565
 282   695
 644   740
 952   674
 572    33
 425   289
 450   808
 769   945
 664   889
 140   623
 880   297
 854   569
 710   583
 178   402
 621   540
 826   786
 820    63
  49   432
 717   736
   6   907
 236   930
 260   866
 428   773
 369   456
 322   281
 420   276
 590   195
 539   908
   1   590
 948   734
 369   885
 941   416
 463   148
 849   448
 549   337
 537   362
 897   107
 407   863
  27   194
 985    63
 199   983
 578   780
  57   207
 187   608
 100  1000
 915   845
 805   594
 483   270
 390   605
 679   486
 509   150
 685   851
 266   781
 929   584
 472   561
 889   895
 775   207
  45   520
 926   764
 465    66
 203   320
  72   356
 587   265
 820   151
  83   774
 705     6
 672   677
 956   704
 650   897
  49   478
 833   602
 820   207
 725   632
 148   102
 667   493
 805   525
 831    34
 692   307
 195   606
 381   144
 828   738
 381   229
 857   642
 920   429
 822   528
 868   669
 925   343
 107   885
 912     2
 959   168
 436    89
  52   537
 687   111
 931   473
 590    44
 292   562
 125    35
 792   397
 768   897
 905   986
 345   327
 841   892
 173   913
 194   914
 548   361
 891   351
 612   978
 324    11
 689   758
 752    25
 383   315
 625   490
 163    63
 603   565
1000   618
 726    18
 145   936
  38   865
 717   422
 470   528
 402    38
 459   626
 764   273
 908   432
 971   351
 597   578
 748   692
 340   306
 197   818
 421    94
 564   368
  21    50
 141   174
 972    58
 179   408
 106   287
 512    64
 980   434
 990   834
 679   204
 540   866
 808   304
  78   158
 996   559
 324    25
 905   200
 467   523
 370   540
 689   376
 878   757
 454   864
  95   690
 498   685
 658   836
 930   480
 515   628
 296   797
 646   599
  15   870
 368   994
 908   734
 633   319
 808   379
 360   679
 808   881
 787    81
 826   177
 319   710
 760   621
 541   681
 608   144
  77   182
 979    53
 948   401
 180   313
  88   642
 311   360
 340   954
 714    57
 784   146
 825   885
 547   696
 129   622
 504   399
 619   266
 647   723
 743   188
 992   249
 597   307
 842   365
 407   184
 136   629
 735   178
 270   703
 110   590
 592   579
 243   830
 440   281
 926   187
 228   999
 323    71
 760   850
 704   656
 443   254
 452   818
 355   570
 459   437
 651   211
 448   960
 290   695
 841   545
 613   764
 442   104
 405   295
 196   350
 911   636
 891   712
 517   508
 774     8
 303   398
 431    20
 532   264
 925   677
 279   443
 449   707
 413   809
 703   567
 231   525
 126   492
 648   841
 928   996
 597   989
 810   443
 310   571
 613   910
 642   442
 607   146
 269   885
 578   778
 894   667
  78   722
 315   960
 193   751
 431   953
 746   129
 721   381
 389    68
 196   657
 855   499
 265   193
 391   324
 322   372
 403   219
 640   266
 378    51
   8   457
 226   284
 638  1000
 459   558
   8   281
  88   383
 254   614
 246    91
 991   739
 581   957
 783   650
 582   891
 159   176
 831   605
 859   231
  49   843
 393   903
 590   923
 533   471
 774   231
 245   246
 102   799
 991   429
 221   944
 959   361
  48   840
 964   748
 381   991
 447   592
  10    49
  13   750
 705   720
 848    60
 894   221
 135    65
 710   171
   2   988
 789    92
  24   470
 884   794
 357    12
 573   536
 523   825
 545   144
 778   992
 789   933
 410   358
  90   107
 656   328
 735   929
 291   296
 125   770
 278   106
 606   689
 313   535
 258   725
  22   373
 544   379
 134   858
 365   592
 166   873
 278    45
 141   282
  14   330
 834   740
 845   707
 902    78
 557   504
 113    62
 393   515
 914     5
 105   964
  10    87
 581   653
 499   525
 381   786
 901   787
 102   792
 287   559
 153   306
 325   599
  17   245
 255   582
 165   232
  72   798
  68   540
  88    67
 631   616
 505   800
 885   757
 956   890
 515   208
 329   186
 341   437
 964   752
 665   205
  75   657
 781   387
 996   414
 363   294
  51   376
 559   862
 908   280
 503   577
 817   723
 609   431
 541   974
 318   681
 967   604
 123   428
 773   306
 856   307
 783    42
 745   204
 754   205
 402   373
 334   740
 532   906
  72   456
 739   124
 533   837
 440   970
 499   677
 874   824
 533    76
 889   638
 293    96
 209   123
 745   901
 363   166
 590    51
 491   904
 865   140
 597   643
 331   404
 539   822
 744   498
 583   100
 942   891
 550   202
 705   117
  61   326
 717   243
  40   203
 208   356
 565   315
 186   485
 241   328
 699   665
 695   678
 619   185
 693   281
 430     7
 662   788
 868   258
 773   385
 404    80
 963   171
 400   845
 426   216
 412   294
 623   848
 871   109
 690   198
 592   344
 671   768
 879   125
 586   226
 793   228
 446   654
 721   284
 239   316
 202   536
 109   311
  30   362
 901   582
 492   270
 577   771
 414   923
 930   679
 202   890
 355   625
 209   729
 165   810
 325   252
 706   940
 852   373
 990   256
 390   424
 549   722
 235    44
 794   629
 510   513
 738   902
 979   596
 301   186
 101    36
 995   748
 392   547
  10   731
 899   174
 547   582
 431   936
 702   502
 624   841
 213   676
 233   925
 670   701
 675   489
 670   609
 889   849
 296   523
 946   618
 801   783
 965   763
 414   194
 507   927
 272   188
 101   715
 830    87
 360    31
 659    35
 909   815
 714   686
1000   714
 939   445
 321   150
 770    86
  34   139
 438   498
 894   711
 847    82
 327   337
 798   944
 222   407
 209   898
 867   686
 540   208
 855   319
 140   225
 412   462
 317   115
 568   339
 223   163
 401   349
 514    41
 848   248
 448   636
 968   564
 785   241
 288   720
 427   140
 770     3
 261   142
 927   212
 857   229
 353   117
 330   516
 668   409
 954   336
 126   337
 704    18
 208   100
 152   593
 734   178
 775   183
 911   687
 563   570
 801   228
 385   549
 740   654
 384   551
 128   849
 665   521
 379   207
 132    67
 391   556
 832   965
 313   301
 898    73
  20   715
 632   815
  20   660
 550   354
 725   783
 339    92
 481   423
 630    10
 751   507
 712   863
 390   397
 408   622
 707   176
 317   886
 475   273
 699   272
 332   392
 422   486
 572   504
 574   839
 964   917
 709    57
 759   886
 544     8
  74   436
 853   929
 732   522
 699   316
 807   368
 307   504
 481   895
  47   660
 463   280
 692   600
 866   537
 751   433
  43   260
 901   496
 353   653
 850   150
 840    75
 953   119
 536   104
 647   425
 408   498
 575   595
 223   397
 910   363
 792   147
 398   385
 381   127
 992   928
 706   515
 990    14
 506   852
 171   510
 930   596
 166   501
 316  1000
 901   328
 171   929
 119   654
 316   772
 396   205
 216   877
 974    19
 285    32
 943   793
 437   199
  45   605
 356   105
 463   210
 521   532
 107   676
 440   907
 564   811
  65   235
 155   938
 298   986
 438   269
 334   124
 317   681
 514   616
 599   415
 911   321
 480   541
 600   397
 762     5
 158   292
 794   267
 342   412
 862   166
 317   977
 894    70
 626   555
 150   493
 276   587
 233   997
 475   998
 682   118
 166   654
 897   342
 658   968
 113   522
 105   351
 635   860
 466     4
 973   588
 626   171
 343   532
 637   107
 816   804
 579   488
 282   773
 694   745
 527   397
 177   775
 905    44
 454   115
 502    94
 525   447
 510   297
 425   398
 254   521
 387   348
 216   539
 282   485
 172    70
 270   979
 276   653
 722   974
 916   867
  49   608
 680   841
 164   198
 722   991
 798   446
 316   690
 215     3
 160   401
 778   571
 399   344
 152   123
 516   551
 352   777
 661   969
 897    71
 261   662
 676   194
 655   764
 109   964
 395   149
 487   778
 106   394
 771   568
 438   483
 308   403
 279   428
 126   146
 194   350
 386   241
 920   397
 197   910
 829   611
 311   334
 529    24
  98   793
 444    51
 808   165
 182   603
 981    74
 859   677
 268   716
 789   319
 973   696
 403    53
 498   291
 829   870
 898   767
  34    85
 488   669
 328   837
 466   873
 201   973
 283   547
 843   230
 724   478
 632   100
  36   688
  23   293
 917   699
 504   693
 873   341
 403   938
  67   426
 116   557
 618   270
 208   190
 464   347
 536   460
 521   296
 491   307
 269   727
 454   404
 511   498
 243   525
 712   285
 274   276
  48    68
 694   569
 144    75
 739    39
 178   525
 693   438
 986   400
 100   580
 691   868
 968   907
 218   238
 260   267
 978   157
  34   994
 997   173
 603   329
 639    88
  69    73
 436   675
 242   761
 268   591
 953   817
 222   814
 483   383
 622   535
  24   256
 729   355
 964   521
 577   761
 948    16
 830    97
  64   413
 478   221
 788   214
 587   247
 321   851
 554   622
 537   619
 185   685
 660   658
 771   211
 922   806
