  40    63
 128    42
  63   167
  64   165
  82   193
 164   193
 154   165
  75   106
 158    62
 189   108
 118    19
 171    83
 168     9
  96    87
  70    53
 178   124
 145    28
  28   144
  41    75
 114   105
  14    48
  31    12
 170    13
  17   101
  83   166
 169   120
 156   112
  76   157
 103    47
 155    73
 181   195
  55   191
  73   197
 173    27
 149    79
 129    49
  87     6
  63    76
  54   192
 149    87
   1    43
  81    19
  36   175
  22   178
 130   111
 101   194
 161    45
 183   179
 119    93
 190    47
  98   129
 186    62
 135   176
 110    81
  79   118
 113    66
  66   126
  73    76
  10   106
  93    92
  59   189
  48    33
 112   130
  94    62
  76   138
 129    82
 189   164
  76    78
  12    14
 110   182
 144   167
 181    19
  88   136
  34    53
  64   133
 164    89
  95    60
  20    39
 180    32
 142   103
 114    48
  22   173
 187   189
  66   111
 113   162
  10    27
  67   186
 160    77
 119    21
  70   149
 121    15
  91    86
  59    85
 173    53
  50   180
  50   124
  22   185
 110     4
  45    17
  32   153
  85    98
  66   164
  22    23
 140    61
 198   129
  79    62
 141   157
  93   109
  60   198
   3   154
  65   168
 167    18
  57   138
 156   116
 163   142
  62    86
  65    54
   3   193
 147    15
 163   132
 162    54
 114   194
  26   106
 187    83
 108    61
 154   192
  76    75
 115    31
  93    17
   7    74
  26    46
  17    35
 156   173
 195   174
 188    12
 111    27
 170   123
 125   170
 108   137
 149    73
 140    10
 157   150
  87   142
 199   112
 150    93
  78   160
  26   163
  73    94
 199    87
 186   119
  54   136
 119   153
 172    19
  15     2
  46   112
 133    76
  90    92
  31   187
 188   112
  39    21
 155    27
  96   104
 135   183
   2    75
 200    37
  75   102
 100   197
  92    97
  79     3
  19   139
   5   188
  63   124
 122   131
  59   112
  81    28
 168    62
 126   101
 200    72
  70   167
  75   131
 170    51
 152   140
  77   180
  81    51
  97   131
  22   192
   9    54
 190   175
 178   160
  66   119
 114    38
 149   141
 153    21
 145   121
 120    93
 170    39
  23   147
 107    33
 126    67
  88   102
 166     4
 196    33
  52    60
  17   120
  68   160
   6     8
  85    34
 140   136
  26    38
 128    86
 108   176
 178   102
  41    79
 200   159
 166    58
 185   171
 167     6
 125    52
 146   154
 167    40
   4   145
  47    83
 114   195
  51   168
  78   151
 188   115
  14   197
  73   188
 119    17
 142   150
 142    36
  99    11
  41   198
 160   131
  23    49
 116    99
  28    14
  64    33
  54   140
 146   173
  11   111
  20    85
  36   109
  84   185
 109   175
  81    13
 170    59
  65    13
 131    44
 167    78
  55   106
 175    52
  78   120
  77    67
 117   166
 167   190
  84   125
  36   164
 117    55
  41    81
 112    15
  83     2
   8    26
 132   134
  31    29
 116    10
  59     2
  46   125
 195   113
 200     8
  43    90
  16    68
 104   182
  40    57
 195    90
  52   181
  97   200
  57    70
 174    76
 154   111
  10   108
 112    32
 175    27
 150    15
   9    33
  87    89
  86   151
  65    64
 151   156
 124     6
  66   134
 129    20
 145   111
 137   123
  22   143
  84   183
  70   158
  38    32
 144   138
 154   183
