  20    32
  64    21
  32    84
  32    83
  41    97
  82    97
  77    83
  38    53
  79    31
  95    54
  59    10
  86    42
  84     5
  48    44
  35    27
  89    62
  73    14
  14    72
  21    38
  57    53
   7    24
  16     6
  85     7
   9    51
  42    83
  85    60
  78    56
  38    79
  52    24
  78    37
  91    98
  28    96
  37    99
  87    14
  75    40
  65    25
  44     3
  32    38
  27    96
  75    44
   1    22
  41    10
  18    88
  11    89
  65    56
  51    97
  81    23
  92    90
  60    47
  95    24
  49    65
  93    31
  68    88
  55    41
  40    59
  57    33
  33    63
  37    38
   5    53
  47    46
  30    95
  24    17
  47    31
  38    69
  65    41
  95    82
  38    39
   6     7
  55    91
  72    84
  91    10
  44    68
  17    27
  32    67
  82    45
  48    30
  10    20
  90    16
  71    52
  57    24
  11    87
  94    95
  33    56
  57    81
   5    14
  34    93
  80    39
  60    11
  35    75
  61     8
  46    43
  30    43
  87    27
  25    90
  25    62
  11    93
  55     2
  23     9
  16    77
  43    49
  33    82
  11    12
  70    31
  99    65
  40    31
  71    79
  47    55
  30    99
   2    77
  33    84
  84     9
  29    69
  78    58
  82    71
  31    43
  33    27
   2    97
  74     8
  82    66
  81    27
  57    97
  13    53
  94    42
  54    31
  77    96
  38    58
  16    47
   9     4
  37    13
  18    78
  87    98
  87    94
   6    56
  14    85
  62    63
  85    54
  69    75
  37    70
   5    79
  71   100
  56    75
  47    39
  80    13
  82    37
  47   100
  44    93
  60    27
  68    60
  77    86
  10     8
