   1    0.240692   -0.209240
   2   -0.042550   -0.024913
   3    0.327701   -0.038003
   4    0.555022   -0.612768
   5    0.112509   -0.368018
   6   -0.153049    0.688280
   7   -0.669031   -0.140252
   8    0.797658   -0.384141
   9    0.509977   -0.090496
  10    0.206894   -0.618048
  11    0.564463    0.579392
  12    0.100575    0.394348
  13   -0.270301    0.076959
  14   -0.433323   -0.033564
  15   -0.799179    0.482051
  16   -0.283430   -0.916207
  17   -0.320159   -0.868680
  18    0.445027    0.213026
  19    0.993330    0.143496
  20   -0.499559    0.071933
  21   -0.473177   -0.384943
  22    0.433543    0.876778
  23    0.408368   -0.190898
  24    0.594130    0.242085
  25   -0.382065    0.060664
  26   -0.025299    0.341915
  27    0.540549    0.043035
  28    0.215540    0.417784
  29    0.317451    0.537729
  30   -0.547095    0.420291
  31    0.394786    0.338050
  32    0.290813    0.364636
  33    0.182624   -0.130939
  34   -0.627804    0.187846
  35    0.206702   -0.949184
  36    0.084256   -0.938133
  37   -0.842731   -0.404768
  38   -0.145554    0.800459
  39    0.711325   -0.476245
  40   -0.306376   -0.358836
  41    0.998962    0.052686
  42    0.164305    0.114554
  43    0.214021   -0.011863
  44   -0.682024    0.630086
  45    0.116751    0.869940
  46    0.212091    0.162005
  47    0.007524    0.090375
  48   -0.064395   -0.269727
  49    0.617636    0.509684
  50   -0.316577   -0.195754
  51   -0.656515    0.325961
  52   -0.775455   -0.433358
  53    0.677962   -0.042360
  54   -0.548663    0.566402
  55    0.288329    0.694767
  56   -0.303454    0.154148
  57   -0.409714   -0.859992
  58    0.016589    0.960048
  59   -0.110451   -0.196664
  60    0.326455    0.340514
  61   -0.488457   -0.241401
  62   -0.122682    0.338364
  63   -0.345432    0.806177
  64   -0.238194   -0.934103
  65    0.657936   -0.102225
  66   -0.173527   -0.669771
  67    0.455695   -0.874792
  68    0.719810    0.336156
  69    0.767344   -0.267722
  70   -0.426005   -0.395986
  71    0.344688   -0.102932
  72   -0.812727    0.456443
  73    0.390131   -0.667171
  74   -0.273399    0.330006
  75   -0.622750    0.704865
  76   -0.448263    0.519741
  77    0.320837    0.432835
  78    0.183578    0.950202
  79   -0.895875    0.255082
  80    0.634217    0.753753
  81    0.160244   -0.720653
  82    0.965201   -0.065478
  83   -0.578598    0.291387
  84    0.380315    0.655495
  85    0.051233   -0.414320
  86   -0.074671    0.089021
  87   -0.589504   -0.737942
  88   -0.907794   -0.189535
  89    0.427515    0.075677
  90    0.971883    0.178746
  91   -0.634800   -0.238381
  92   -0.522944    0.774512
  93    0.720644   -0.686148
  94   -0.496698   -0.132874
  95    0.016024   -0.084786
  96    0.349786   -0.915933
  97   -0.086954    0.953591
  98   -0.699841    0.180298
  99   -0.012669   -0.504800
 100    0.920322   -0.390890
 101   -0.750761    0.558177
 102   -0.014509    0.219680
 103   -0.339087    0.241414
 104    0.219452   -0.697631
 105   -0.245703   -0.305127
 106    0.138072   -0.001057
 107   -0.193098    0.554139
 108    0.364082    0.895528
 109    0.043935    0.866384
 110    0.421290    0.141948
 111    0.703004    0.249914
 112   -0.750526   -0.567812
 113   -0.071043   -0.963141
 114   -0.215568   -0.507193
 115    0.478522    0.858040
 116   -0.442353    0.836432
 117   -0.095636    0.170277
 118   -0.835097    0.407567
 119   -0.734200    0.053567
 120    0.821210   -0.339252
 121   -0.703887    0.617195
 122   -0.089015   -0.052919
 123    0.048493    0.271904
 124   -0.476320    0.473566
 125   -0.093545   -0.739729
 126   -0.526733   -0.790055
 127    0.795559   -0.589085
 128   -0.728983    0.307913
 129    0.096731    0.473128
 130   -0.918767   -0.162552
 131   -0.478699    0.605432
 132   -0.245333   -0.623356
 133    0.334198   -0.532917
 134    0.134103    0.273954
 135   -0.748805   -0.172074
 136   -0.628636   -0.045690
 137    0.676450   -0.642326
 138    0.544689   -0.824344
 139   -0.888837   -0.285347
 140   -0.579965    0.120428
 141    0.131956   -0.134165
 142   -0.200005   -0.941435
 143    0.505603   -0.430298
 144    0.192474   -0.304233
 145    0.562894    0.397055
 146   -0.316326    0.893206
 147   -0.310254   -0.291916
 148   -0.138784   -0.160876
 149   -0.220267    0.090405
 150   -0.157374   -0.588694
 151   -0.231815   -0.691562
 152    0.297629    0.608029
 153   -0.527569   -0.408580
 154    0.777942   -0.028749
 155   -0.037759   -0.584238
 156    0.645880   -0.393097
 157   -0.523347   -0.171128
 158    0.594966   -0.678154
 159   -0.404935    0.416123
 160    0.460524   -0.328771
 161    1.000000   -0.072493
 162    0.188086   -0.575896
 163   -0.222777    0.806297
 164   -0.404996   -0.666426
 165   -0.832862    0.089803
 166    0.861500   -0.507249
 167    0.323999   -0.925461
 168    0.291810    0.270278
 169    0.429940   -0.226087
 170    0.592775   -0.795646
 171    0.941616    0.329402
 172    0.657706   -0.246979
 173   -0.782169   -0.121489
 174   -0.414023    0.105479
 175    0.148154   -0.421706
 176    0.280600   -0.314734
 177    0.080371    0.095013
 178   -0.925994   -0.068040
 179   -0.399441   -0.457162
 180    0.187401    0.755479
 181   -0.830918   -0.026702
 182   -0.422450   -0.145674
 183    0.793970    0.203397
 184    0.070801    0.957383
 185   -0.925056    0.107802
 186    0.445063    0.641377
 187    0.008367   -0.752226
 188   -0.909994    0.192184
 189   -0.192226   -0.051756
 190   -0.226780    0.571920
 191    0.994483   -0.113116
 192    0.969493   -0.246202
 193    0.469182    0.778120
 194   -0.480706   -0.093797
 195    0.528624    0.827701
 196    0.509552   -0.161347
 197    0.731213    0.665986
 198    0.504759   -0.368114
 199   -0.483113    0.693550
 200   -0.854332    0.294792
