   1   -0.130018    1.000000
   2   -0.185663   -0.426142
   3    0.294588   -0.273141
   4   -0.020148   -0.680535
   5    0.629793    0.309150
   6   -0.702851    0.012781
   7    0.510748    0.682960
   8   -0.737339    0.130108
   9    0.808268    0.150868
  10    0.255860   -0.377693
  11    0.568172   -0.128475
  12    0.591010    0.058264
  13    0.691319   -0.226857
  14    0.462391    0.314286
  15   -0.318425   -0.310649
  16   -0.937725   -0.050446
  17   -0.369473    0.722112
  18   -0.798033    0.422869
  19    0.688086    0.122127
  20    0.230126   -0.663551
  21   -0.018170    0.119075
  22   -0.095498   -0.537687
  23   -0.210994   -0.788128
  24    0.770062    0.602712
  25    0.634806    0.756120
  26   -0.389812   -0.005857
  27    0.119786   -0.137973
  28    0.195032    0.018529
  29    0.883460   -0.283075
  30    0.308812    0.950582
  31    0.612036   -0.265102
  32   -0.313417    0.212729
  33    0.775074    0.443347
  34   -0.125008   -0.577463
  35   -0.509037    0.856027
  36   -0.374700   -0.146066
  37   -0.865425    0.442160
  38   -0.161123    0.387795
  39    0.197584   -0.290306
  40   -0.651084    0.386500
  41    0.181787   -0.221960
  42    0.402554    0.921910
  43   -0.204395    0.984338
  44   -0.923176   -0.122872
  45   -0.361007    0.933913
  46   -0.086715   -0.206143
  47   -0.515976   -0.473951
  48    0.506456    0.585771
  49    0.020294   -0.885566
  50   -0.891491    0.229383
  51    0.607986   -0.098916
  52    0.288348   -0.129235
  53   -0.178796   -0.235323
  54    0.635902   -0.179151
  55   -0.468878   -0.611747
  56   -0.072989    0.995625
  57   -0.486391    0.364691
  58   -0.172196   -0.871039
  59    0.095085   -0.429262
  60    0.599568   -0.334299
  61    0.593626   -0.675298
  62    0.251706    0.423238
  63   -0.511237    0.281362
  64    0.699912    0.227282
  65    0.780844    0.014661
  66   -0.084270    0.169902
  67   -0.361289    0.646141
  68   -0.943716    0.064132
  69   -0.405708    0.907433
  70   -0.281339    0.145544
  71   -0.744080    0.633206
  72   -0.920391    0.282327
  73    0.170778    0.323584
  74    0.467617    0.874523
  75   -0.231859   -0.130098
  76   -0.138418    0.287444
  77   -0.628888    0.475647
  78   -0.375516    0.389674
  79    0.242527    0.066289
  80   -0.932112    0.169838
  81    0.429881   -0.198400
  82    0.146940   -0.871278
  83   -0.177231   -0.653611
  84    0.294995   -0.727394
  85    0.084483   -0.718105
  86    0.248178    0.722044
  87   -0.494437   -0.194839
  88    0.206279   -0.488391
  89   -0.411250   -0.365306
  90   -0.219263    0.757607
  91    0.204816    0.984481
  92   -0.559086    0.605338
  93   -0.450443    0.421430
  94    0.296416    0.549385
  95    0.886769   -0.240157
  96   -0.626015   -0.526759
  97   -0.782194    0.338830
  98    0.193037   -0.866204
  99    0.724153   -0.155403
 100    0.587945    0.801892
 101   -0.152830    0.867806
 102   -0.144925   -0.354257
 103   -0.772977   -0.437473
 104   -0.472950   -0.752301
 105    0.242088    0.975988
 106   -0.211613   -0.337665
 107    0.867168    0.443478
 108    0.392603   -0.658337
 109   -0.377700    0.094804
 110    0.152924   -0.594197
 111    0.238764   -0.114409
 112   -0.038950   -0.087909
 113    0.226381    0.301269
 114    0.149981    0.720304
 115    0.650329   -0.025550
 116    0.421603   -0.142449
 117   -0.389251   -0.798945
 118    0.531786    0.178251
 119   -0.204128    0.436524
 120   -0.510981    0.639178
 121   -0.182011   -0.473129
 122   -0.899168   -0.192186
 123    0.706395   -0.563323
 124   -0.677121    0.067631
 125    0.221768   -0.405428
 126   -0.183130    0.584859
 127   -0.606196   -0.652511
 128    0.483161    0.875335
 129    0.262536   -0.843133
 130    0.112269   -0.066262
 131   -0.692146   -0.018315
 132   -0.780848    0.105160
 133    0.311830    0.325674
 134   -0.476826    0.156320
 135    0.542269   -0.716961
 136    0.532870   -0.445372
 137    0.525133   -0.723567
 138   -0.307962    0.388768
 139    0.941528    0.178573
 140    0.610135   -0.453671
 141   -0.293925    0.275630
 142   -0.642030   -0.210281
 143   -0.324573   -0.762550
 144   -0.186597    0.193324
 145    0.060214   -0.338870
 146    0.341535   -0.361949
 147   -0.391221   -0.631821
 148   -0.073959   -0.876267
 149   -0.127996    0.094669
 150   -0.496356    0.029285
 151    0.013266    0.431071
 152    0.804208   -0.439557
 153   -0.183704    0.314943
 154    0.500219   -0.310114
 155    0.191462    0.136317
 156    0.130412    0.037484
 157   -0.393859    0.241826
 158   -0.019177    0.356090
 159   -0.943232    0.137066
 160   -0.638722    0.153239
 161   -0.455535    0.891485
 162    0.509949    0.106488
 163   -0.704997   -0.081508
 164   -0.119078   -0.280134
 165    0.769293   -0.065317
 166   -0.210855   -0.859988
 167   -0.529624    0.206449
 168    0.615840    0.196317
 169   -0.643542    0.752303
 170    0.454855   -0.366825
 171   -0.234190   -0.854589
 172    0.917321    0.285891
 173    0.062428   -0.273353
 174   -0.024376    0.553643
 175   -0.143068   -0.090149
 176    0.408795   -0.789716
 177    0.671953   -0.598772
 178   -0.427580   -0.204511
 179    0.699993   -0.578328
 180   -0.667770    0.321267
 181    0.388670    0.234052
 182   -0.155837   -0.800967
 183    0.554207   -0.625906
 184    0.849287   -0.347067
 185    0.004611   -0.820290
 186   -0.068062    0.606760
 187    0.253996   -0.547051
 188    0.379763    0.115056
 189    0.136432   -0.536953
 190   -0.474257   -0.133724
 191   -0.669468   -0.604939
 192    0.342293   -0.423869
 193    0.088362   -0.542452
 194    0.045923    0.984165
 195    0.125194    0.547436
 196    0.751693    0.637886
 197    0.442414    0.551022
 198    0.388817   -0.536231
 199   -0.312344   -0.188465
 200   -0.910478    0.308672
