   1    0.929785    0.128659
   2    0.381722   -0.439033
   3   -0.364221    0.908881
   4    0.575405   -0.784825
   5    0.171244   -0.277094
   6    0.186923    0.284306
   7    0.507418    0.262175
   8   -0.493482   -0.792921
   9    0.520391   -0.815018
  10   -0.392533   -0.595997
  11    0.249950    0.679911
  12    0.232356    0.974546
  13   -0.619694   -0.403358
  14    0.607440   -0.003993
  15    0.896000    0.457240
  16    0.354779    0.203010
  17    0.705261    0.064891
  18   -0.799145    0.511761
  19    0.702582    0.717391
  20   -0.232487   -0.909603
  21   -0.712948   -0.593797
  22    0.651303    0.315702
  23    0.734109   -0.640955
  24    0.411897   -0.064352
  25    0.099545    0.651218
  26   -0.174308    0.965311
  27    0.418294    0.078771
  28    1.000000    0.140367
  29   -0.935161    0.091641
  30   -0.395460    0.391335
  31   -0.368808    0.271994
  32    0.049174   -0.694138
  33    0.166715   -0.080329
  34   -0.076602    0.986947
  35   -0.024430    0.239885
  36   -0.624801    0.724342
  37   -0.563696   -0.135343
  38   -0.454626   -0.370015
  39   -0.505430   -0.136187
  40   -0.686422    0.042273
  41   -0.193412   -0.267618
  42    0.831427   -0.417122
  43   -0.522396    0.530215
  44   -0.440474    0.716324
  45   -0.319123   -0.763057
  46   -0.314290    0.490472
  47   -0.109103    0.141357
  48   -0.674990    0.682274
  49   -0.632837    0.520579
  50   -0.929736   -0.014419
  51    0.329699   -0.900101
  52    0.336164   -0.325018
  53   -0.198135   -0.438075
  54    0.013504    0.329113
  55    0.045031   -0.250821
  56   -0.214314    0.164101
  57    0.227445   -0.365310
  58   -0.756449   -0.225415
  59   -0.774897   -0.358049
  60    0.122575    0.457750
  61   -0.600582   -0.716099
  62    0.353205    0.795348
  63    0.322613    0.428023
  64   -0.790587   -0.491340
  65   -0.281818    0.291982
  66   -0.076360   -0.829924
  67    0.121857   -0.942119
  68   -0.239614    0.782842
  69   -0.734362   -0.045521
  70   -0.737599    0.174063
  71   -0.010314   -0.315496
  72    0.705705   -0.378154
  73    0.986077    0.218128
  74   -0.337200   -0.877915
  75   -0.475423    0.275898
  76   -0.125186   -0.929506
  77    0.662661   -0.221808
  78   -0.657838    0.128928
  79   -0.223310   -0.149178
  80   -0.870583   -0.272759
  81    0.569220   -0.347411
  82   -0.127968   -0.398820
  83    0.550495   -0.586054
  84    0.359165   -0.517350
  85    0.375234    0.328544
  86    0.952777   -0.283940
  87    0.459346    0.189183
  88   -0.546916    0.795492
  89    0.398293    0.921349
  90    0.439354    0.627420
  91   -0.015715   -0.484000
  92    0.619543    0.797182
  93   -0.155830    0.708425
  94    0.535867   -0.110992
  95    0.063099    0.035516
  96    0.839870   -0.013285
  97    0.123437   -0.574381
  98    0.303649   -0.189582
  99   -0.567568    0.209536
 100   -0.120424   -0.094994
