  25   122
 132   160
  71   107
 147   151
 160     1
 108    45
  52    91
 142   169
 180   113
  14   117
 148    40
 121   124
   2    38
 198     9
  29   129
  91   174
 135   131
 150   180
 139     7
 188   181
 177     7
  69   181
  24     9
 119   178
 103   181
 182    48
 181    49
 102   150
 151   155
  48   107
 117   189
  59    75
 155   124
  50    17
  15   134
 173   181
 146    48
  52   105
 120    64
  12     6
 143    44
   3    47
  12   123
 188   162
 186   128
  57   163
   6   131
 191   178
  57   155
  71    12
 120   162
  87   102
 148    65
  80   113
 128   174
 195   147
 184   178
 153   163
  83   111
  52    85
  50     9
  62    86
  25     9
 101    55
 105    99
 106   151
 141   132
 131    94
   9    34
 167   177
  76   121
 153    37
  40    62
 123    70
  68   132
 165   116
 159    95
  51    87
  48   184
 164     9
  75   190
 167    35
 149    69
  37   181
  52   198
 157    10
  65   125
 146   153
 133   117
  33    95
 194    80
 161    22
  71    84
 121    13
 188   112
  77   159
 174   119
 181   122
  56    84
 150   145
  84    28
 179    37
 188    46
  51    92
 195   186
  68   116
 180    78
 129    12
 190    83
  38    23
  78   120
   8   133
 131   114
 103   199
  23   104
 161   154
  31    29
  48    94
 165   177
  64   180
  29    20
  40   125
 141    72
  79   120
 116   194
 121    12
 102   143
  60   173
   4   122
 190   150
 186   144
  87   176
  83    12
 192   143
 167   191
 196     5
 170   192
 178   188
 159   129
 124   188
  87    85
 120    29
 178   192
 151   116
  84   165
  12   102
 172    84
 122    52
  42    45
 172   159
  85    86
  42   149
  20   177
  72   125
 117   138
  48   142
  62    53
  79   157
  35   122
 196   127
  85     4
 131    10
 100   107
  50   117
 144   188
  52   187
  86   149
  86   143
  68    12
 187   159
 122   192
  86   156
 172     8
  12    93
  36    49
 157   128
  81    76
  97   145
  54   155
  75   155
 162    44
 176    62
 147   122
  94    35
 116    97
  33     8
 178   103
 196   183
  57    47
  98    50
  25   160
  68    60
  91   140
 177   110
 156    35
 164   112
 141   176
 141    99
  46    12
 109   184
  51   137
 194   193
 132   154
  18    97
 105   148
  88   102
 150    18
   4   120
 165   195
  56    98
  49   183
 139    26
 158   133
  58    38
  41   185
 135   140
 130    56
  58   193
 110   136
 196   143
  86    46
 132     1
 163    63
  72    75
  54    52
   7    91
   7   174
  13     2
  76   163
 116   101
  66   129
  78   146
  23   160
 123    43
 145    14
 153    78
 169   196
  47    56
 119   182
 163   164
  74   177
  73   162
 149   148
 100    68
  43   162
 197   163
  44    15
  29   145
  82   131
 174   105
 105     5
 190    38
  91   194
  46    28
 186    55
  90    28
  40   161
  94    61
  94    25
   2   148
 117   106
   2    71
 162    66
  45   152
  72   163
 180   193
  84    55
 182    40
 148    33
 185    20
 179    52
   7    75
 192   191
  65   182
   2   191
  31   124
  14    81
 124    54
  46   102
 161    45
 102   103
 134   155
 134    60
  45   184
 177   158
 178   151
  80     4
 186   108
 123    60
  66    50
 147    56
 120    28
 129   136
 195   131
 123   190
 147   193
 144   175
 127    39
 179   114
  65   186
